,ER(固定期間10),CER(二重微分),CER(ホモダイン判別機),CER(位相累積),CER(拡張二重微分),CER(拡張ホモダイン判別機),CER(拡張位相累積)
ER(固定期間10),1.0,0.3804,0.7802,0.748,0.4785,0.5036,0.4971
CER(二重微分),0.3804,1.0,0.3626,0.3685,0.3457,0.3857,0.7433
CER(ホモダイン判別機),0.7802,0.3626,1.0,0.7853,0.465,0.4901,0.4618
CER(位相累積),0.748,0.3685,0.7853,1.0,0.4549,0.4849,0.4644
CER(拡張二重微分),0.4785,0.3457,0.465,0.4549,1.0,0.836,0.4087
CER(拡張ホモダイン判別機),0.5036,0.3857,0.4901,0.4849,0.836,1.0,0.4469
CER(拡張位相累積),0.4971,0.7433,0.4618,0.4644,0.4087,0.4469,1.0
