,ER(固定期間10),CER(二重微分),CER(ホモダイン判別機),CER(位相累積),CER(拡張二重微分),CER(拡張ホモダイン判別機),CER(拡張位相累積)
ER(固定期間10),1.0,0.3823,0.7655,0.7353,0.4612,0.4814,0.5194
CER(二重微分),0.3823,1.0,0.3572,0.3897,0.4046,0.445,0.7524
CER(ホモダイン判別機),0.7655,0.3572,1.0,0.7977,0.4286,0.4427,0.4716
CER(位相累積),0.7353,0.3897,0.7977,1.0,0.4411,0.4607,0.513
CER(拡張二重微分),0.4612,0.4046,0.4286,0.4411,1.0,0.842,0.4262
CER(拡張ホモダイン判別機),0.4814,0.445,0.4427,0.4607,0.842,1.0,0.4628
CER(拡張位相累積),0.5194,0.7524,0.4716,0.513,0.4262,0.4628,1.0
